1.200000000000000000e+01 1.700000000000000000e+01
1.800000000000000000e+01 2.500000000000000000e+01
3.000000000000000000e+01 3.900000000000000000e+01
4.700000000000000000e+01 5.200000000000000000e+01
5.200000000000000000e+01 5.800000000000000000e+01
7.400000000000000000e+01 8.000000000000000000e+01
1.180000000000000000e+02 1.250000000000000000e+02
1.250000000000000000e+02 1.320000000000000000e+02
1.320000000000000000e+02 1.370000000000000000e+02
1.400000000000000000e+02 1.490000000000000000e+02
1.530000000000000000e+02 1.590000000000000000e+02
1.730000000000000000e+02 1.960000000000000000e+02
1.960000000000000000e+02 2.030000000000000000e+02
2.030000000000000000e+02 2.120000000000000000e+02
2.220000000000000000e+02 2.270000000000000000e+02
2.300000000000000000e+02 2.360000000000000000e+02
2.950000000000000000e+02 3.010000000000000000e+02
3.010000000000000000e+02 3.110000000000000000e+02
3.480000000000000000e+02 3.540000000000000000e+02
3.810000000000000000e+02 3.880000000000000000e+02
3.920000000000000000e+02 3.970000000000000000e+02
4.080000000000000000e+02 4.180000000000000000e+02
4.180000000000000000e+02 4.230000000000000000e+02
4.670000000000000000e+02 4.750000000000000000e+02
4.750000000000000000e+02 4.800000000000000000e+02
4.810000000000000000e+02 4.860000000000000000e+02
4.890000000000000000e+02 4.950000000000000000e+02
4.990000000000000000e+02 5.370000000000000000e+02
5.370000000000000000e+02 5.420000000000000000e+02
5.480000000000000000e+02 5.530000000000000000e+02
5.600000000000000000e+02 5.650000000000000000e+02
5.680000000000000000e+02 5.750000000000000000e+02
5.750000000000000000e+02 5.800000000000000000e+02
5.830000000000000000e+02 5.980000000000000000e+02
5.980000000000000000e+02 6.090000000000000000e+02
6.220000000000000000e+02 6.270000000000000000e+02
6.440000000000000000e+02 6.490000000000000000e+02
6.680000000000000000e+02 6.740000000000000000e+02
6.780000000000000000e+02 6.920000000000000000e+02
7.110000000000000000e+02 7.180000000000000000e+02
7.480000000000000000e+02 7.540000000000000000e+02
7.580000000000000000e+02 7.640000000000000000e+02
7.640000000000000000e+02 7.700000000000000000e+02
7.740000000000000000e+02 7.820000000000000000e+02
7.820000000000000000e+02 7.950000000000000000e+02
8.060000000000000000e+02 8.110000000000000000e+02
8.230000000000000000e+02 8.290000000000000000e+02
8.570000000000000000e+02 8.640000000000000000e+02
8.930000000000000000e+02 8.980000000000000000e+02
9.020000000000000000e+02 9.070000000000000000e+02
9.520000000000000000e+02 9.570000000000000000e+02
1.013000000000000000e+03 1.019000000000000000e+03
1.019000000000000000e+03 1.027000000000000000e+03
1.034000000000000000e+03 1.040000000000000000e+03
1.040000000000000000e+03 1.047000000000000000e+03
1.073000000000000000e+03 1.079000000000000000e+03
1.092000000000000000e+03 1.100000000000000000e+03
1.109000000000000000e+03 1.114000000000000000e+03
1.114000000000000000e+03 1.121000000000000000e+03
1.121000000000000000e+03 1.133000000000000000e+03
1.137000000000000000e+03 1.142000000000000000e+03
1.142000000000000000e+03 1.147000000000000000e+03
1.155000000000000000e+03 1.162000000000000000e+03
1.164000000000000000e+03 1.171000000000000000e+03
1.178000000000000000e+03 1.184000000000000000e+03
1.228000000000000000e+03 1.236000000000000000e+03
